50 147 8
0 29 0.14
0 12 0.32
1 27 0.1
1 24 0.98
1 3 0.47
2 33 0.76
2 6 0.4
2 34 0.9
3 13 0.81
3 37 0.7
4 45 0.03
4 17 0.16
5 20 0.23
5 45 0.88
6 17 0.14
6 25 0.49
7 0 0.98
7 22 0.48
8 34 0.27
8 36 0.13
8 24 0.06
9 16 0.16
9 25 0.14
9 45 0.65
10 28 0.95
10 45 0.94
10 41 0.45
10 40 0.73
11 37 0.78
11 48 0.29
12 45 0.32
12 30 0.68
12 9 0.8
12 23 0.5
13 20 0.71
13 11 0.28
14 18 0.12
14 7 0.58
15 8 0.04
15 2 0.17
15 43 0.39
15 41 0.95
16 10 0.43
16 46 0.93
17 12 0.15
17 23 0.68
18 12 0.41
18 23 0.32
18 16 0.03
18 38 0.74
19 20 0.93
19 37 0.03
19 17 0.9
20 28 0.09
20 36 0.98
20 32 0.58
21 49 0.93
21 35 0.67
22 33 0.66
22 29 0.85
22 13 0.55
23 35 0.76
23 43 0.36
23 13 0.71
24 39 0.33
24 30 0.18
24 22 0.12
25 6 0.72
25 3 0.34
25 30 0.73
26 23 0.56
26 6 0.92
26 41 0.49
27 15 0.62
27 48 0.64
27 24 0.95
27 45 0.78
28 41 0.42
28 38 0.01
29 21 0.27
29 30 0.83
29 43 0.99
29 32 0.78
30 24 0.11
30 7 0.39
30 8 0.22
30 41 0.68
31 39 0.73
31 28 0.28
31 45 0.8
31 6 0.9
32 27 0.17
32 30 0.15
33 32 0.91
33 9 0.74
33 40 0.27
33 25 0.15
34 45 0.02
34 37 0.83
34 3 0.66
35 40 0.22
35 13 0.23
35 20 0.53
35 14 0.5
36 43 0.74
36 12 0.87
36 0 0.93
37 17 0.3
37 13 0.27
38 3 0.91
38 44 0.71
38 46 0.62
39 17 0.64
39 12 0.48
40 22 0.12
40 15 0.27
41 24 0.44
41 42 0.59
41 48 0.72
41 49 0.32
42 43 0.15
42 14 0.45
42 22 0.4
42 44 0.39
43 35 0.45
43 15 0.82
43 39 0.68
43 7 0.41
44 3 0.77
44 22 0.52
44 17 0.98
44 0 0.14
45 48 0.17
45 14 0.4
45 12 0.45
45 19 0.32
46 36 0.18
46 40 0.17
47 48 0.7
47 45 0.62
47 32 0.96
48 21 0.69
48 34 0.78
48 2 0.49
48 7 0.61
49 44 0.67
49 30 0.03
