42 281 5
0 34 0.41
0 35 0.18
0 36 0.0
0 37 0.14
0 38 0.59
0 39 0.41
1 33 0.59
1 34 0.05
1 35 0.41
1 36 0.18
1 37 0.41
1 38 0.0
2 33 0.05
2 34 0.0
2 35 0.59
2 36 0.14
2 37 0.05
2 38 0.59
3 4 0.95
3 6 0.0
3 33 0.45
3 34 0.55
3 35 0.18
3 36 0.0
3 37 0.0
3 38 0.18
3 39 0.0
4 33 0.0
4 34 0.55
4 35 0.18
4 37 0.41
4 38 0.18
5 1 0.59
5 33 0.45
5 34 0.41
5 35 0.45
5 37 1.0
5 38 0.05
5 39 0.05
6 34 0.45
6 35 0.05
6 36 0.45
6 37 0.68
6 38 0.45
7 34 0.0
7 37 0.18
7 38 0.0
8 33 0.0
8 34 0.55
8 36 0.0
8 37 0.41
8 38 0.5
9 6 0.45
9 7 0.0
9 33 0.18
9 34 0.0
9 35 0.05
9 36 0.14
9 37 0.18
9 38 0.05
9 39 0.05
10 16 0.41
10 19 0.05
10 20 0.59
10 23 0.5
10 24 0.45
10 32 0.45
10 33 0.55
10 34 0.05
10 35 0.82
10 36 0.09
10 37 0.41
10 38 0.0
10 39 0.14
11 19 0.41
11 20 0.55
11 23 0.0
11 24 0.41
11 34 0.14
11 36 0.0
11 37 0.45
11 38 0.05
11 39 0.05
12 19 0.82
12 20 0.14
12 23 0.55
12 24 0.59
12 34 0.55
12 35 0.05
12 36 0.0
12 37 0.41
12 38 0.05
12 39 0.0
13 20 0.14
13 23 0.05
13 24 0.41
13 34 0.45
13 35 0.0
13 37 0.0
13 38 0.0
14 24 0.0
14 33 0.14
14 34 0.05
14 35 0.05
14 37 0.14
14 38 0.45
15 19 0.41
15 20 0.0
15 23 0.82
15 24 0.45
15 34 0.41
15 35 0.41
15 37 0.45
15 38 0.0
15 39 0.05
16 19 0.0
16 20 0.45
16 23 0.55
16 24 0.41
16 33 0.0
16 34 0.0
16 35 0.5
16 36 0.41
16 37 0.14
16 38 0.5
16 39 0.41
17 19 0.05
17 20 0.18
17 23 0.45
17 24 0.41
17 33 0.55
17 34 0.45
17 35 0.45
17 37 0.0
17 38 0.05
17 39 0.14
18 20 0.14
18 23 0.55
18 24 0.45
18 34 0.41
18 35 0.0
18 37 0.59
18 38 0.0
19 24 0.41
19 34 0.45
19 35 0.0
19 37 0.41
19 38 0.0
20 24 0.05
20 34 0.0
20 35 0.45
20 37 0.41
20 38 0.45
21 24 0.18
21 33 0.5
21 34 0.95
21 35 0.0
21 37 0.45
21 38 0.14
22 24 0.41
22 34 0.45
22 35 0.45
22 37 0.41
22 38 0.05
23 33 0.41
23 34 0.55
23 35 0.41
23 37 0.0
23 38 0.0
24 20 0.14
24 23 0.55
24 34 0.14
24 35 0.41
24 37 0.0
24 38 0.0
25 19 0.05
25 20 0.95
25 23 0.05
25 24 0.0
25 33 0.59
25 34 0.18
25 37 0.45
25 38 0.41
25 39 0.59
26 19 0.45
26 20 0.55
26 23 0.05
26 24 0.41
26 34 0.05
26 35 0.45
26 37 0.41
26 38 0.05
26 39 0.0
27 24 0.0
27 33 0.14
27 34 0.41
27 35 0.05
27 37 0.41
27 38 0.45
28 1 0.05
28 24 0.27
28 34 0.59
28 37 0.45
28 38 0.41
29 1 0.41
29 24 0.14
29 34 0.09
29 37 0.41
29 38 0.41
30 1 0.0
30 19 0.45
30 20 0.0
30 23 0.41
30 24 0.0
30 33 0.0
30 34 0.41
30 35 0.18
30 36 0.0
30 37 0.41
30 38 0.18
30 39 0.0
31 1 0.0
31 34 0.45
31 37 0.41
31 38 0.0
32 1 0.45
32 24 0.14
32 34 0.05
32 37 0.45
32 38 0.41
33 1 0.41
33 2 0.0
33 19 0.45
33 20 0.41
33 23 0.45
33 24 0.0
33 34 0.45
33 35 0.59
33 36 0.18
33 37 0.82
33 38 0.18
33 39 0.0
34 33 0.0
34 35 0.18
34 37 0.41
34 38 0.59
35 20 0.41
35 23 0.05
35 24 0.0
35 33 0.41
35 34 0.23
35 37 0.41
35 38 0.0
36 20 0.0
36 23 0.55
36 34 0.0
36 35 0.45
36 37 0.18
36 38 0.05
37 34 0.41
37 35 0.14
37 38 0.55
38 1 0.55
38 24 0.59
38 34 0.0
38 37 0.0
39 34 0.0
39 35 0.18
39 37 0.05
39 38 1.0
40 1 0.05
40 33 0.18
40 34 0.0
40 35 0.45
40 37 0.05
40 38 0.45
41 33 0.05
41 34 0.59
41 35 0.41
41 37 0.45
41 38 0.0
